01110111111101111111111101111111011111110
10001000000010000000000010000000100000001
10111011111011111011111110101110101111101
10001010100010001000000000100010101000001
10101010101110101011111111111010111011101
10100010100000101000000010000010100010001
10111110111111101011111010111110101110110
10001000001000101010001010001010101000101
01101011101011101110101111101010101011101
10001010001000101000101000001010001000101
10111010111110101011101011111011111110101
10001010100000100010101000001000000010001
01101010101110111110101110101110111111101
10100010100010001000100010100010100000001
10111110101011101010111010111010101111110
10100000101000101010001010101010101000001
10101111101110111010111010101010101011101
10100000100010000010001010001010001010101
10111110111011111111101011101010111010101
10000010001000100000001010001010000010101
10111011101110101111101011111011111110101
10001000100010101000101010000010001000001
01111110111011101011011010111110101110110
10000000001000001000100010000000100010001
10111111101111101110101110111111011011101
10000000101000100010001000000000100010001
10111110101010111011111110111111101110110
10101000101010001000000010100010001000001
10101011011011101111111011101010111111101
10101000100010100000101010001010000000101
10101110101110111010101010111010111110110
10100010001000001010001000100010000010001
10111011111011111010111111101111101111101
10001000000010000010100000001000001000001
01101110111010111111101111110111111011101
10001000100010001000101000001000000010101
10111011101101101010101110101011111110101
10000010100010100010101000100010001000001
01111110111010111110101011111110101011110
12000000000000000010000010000000100000001
01111111111111111101111101111111011111110